time (s)	theta (A)	maj axis/z0	min axis/z0	crossing#mod 255
4200.231310	28.510576	-0.612137	-0.137368	71
4202.303995	28.487061	-0.613742	-0.137282	73
4204.374859	28.631575	-0.614005	-0.137272	75
4206.443566	28.769835	-0.614408	-0.137004	77
4208.515549	28.770210	-0.615207	-0.136951	79
4210.583892	28.936262	-0.614727	-0.136736	81
4212.653023	29.207361	-0.614893	-0.135980	83
4214.724423	29.317287	-0.615578	-0.135418	85
4216.792392	29.224070	-0.615732	-0.135237	87
4218.862080	29.393036	-0.615301	-0.134595	89
4220.933548	29.464571	-0.614788	-0.134316	91
4223.005345	29.464401	-0.614199	-0.134302	93
4225.077129	29.289145	-0.614220	-0.133897	95
4227.147818	29.375761	-0.614498	-0.133698	97
4229.221297	29.251350	-0.616345	-0.133363	99
4231.293418	29.130426	-0.618900	-0.133757	101
4233.363651	29.146194	-0.619788	-0.133996	103
4235.435698	29.087193	-0.620785	-0.133692	105
4237.507060	29.029696	-0.622288	-0.133888	107
4239.577026	29.079641	-0.622580	-0.133854	109
4241.648350	29.122898	-0.623173	-0.133409	111
4243.718921	29.128065	-0.622944	-0.133283	113
4245.787818	29.301981	-0.622856	-0.133094	115
4247.858883	29.419603	-0.622060	-0.132656	117
4249.928797	29.389902	-0.622485	-0.132118	119
4251.997333	29.582626	-0.622616	-0.132383	121
4254.067932	29.733637	-0.622063	-0.131852	123
4256.138507	29.776194	-0.623067	-0.132142	125
4258.209417	29.829779	-0.624900	-0.132096	127
4260.280498	29.830660	-0.624951	-0.132201	129
4262.351924	29.776939	-0.625924	-0.132363	131
4264.425032	29.786804	-0.625518	-0.132079	133
4266.496538	29.524771	-0.625380	-0.131781	135
4268.568057	29.492119	-0.624138	-0.131183	137
4270.640501	29.355280	-0.625412	-0.131408	139
4272.711496	29.232208	-0.626199	-0.131424	141
4274.782475	29.249683	-0.627770	-0.131460	143
4276.853559	29.263889	-0.627499	-0.131220	145
4278.924485	29.221210	-0.628416	-0.131105	147
4280.994976	29.342472	-0.629797	-0.131136	149
4283.066085	29.426229	-0.629424	-0.131005	151
4285.135882	29.438837	-0.630447	-0.131033	153
4287.205880	29.662930	-0.631570	-0.130739	155
4289.276097	29.769650	-0.632400	-0.130816	157
4291.345568	29.768030	-0.632761	-0.130693	159
4293.415335	29.922245	-0.632952	-0.130207	161
4295.485675	29.967770	-0.631909	-0.129895	163
4297.556274	29.941351	-0.631932	-0.129360	165
4299.627192	29.940977	-0.632038	-0.128930	167
4301.698094	29.988983	-0.631786	-0.128876	169
4303.769974	29.916462	-0.632220	-0.128796	171
4305.841621	29.977928	-0.632297	-0.128749	173
4307.912807	29.924995	-0.632349	-0.128392	175
4309.984389	29.869091	-0.633075	-0.128354	177
4312.055833	29.864178	-0.634420	-0.128167	179
4314.126604	29.837021	-0.635977	-0.128570	181
4316.197604	29.808685	-0.636715	-0.128353	183
4318.268549	29.865898	-0.636874	-0.128141	185
4320.338857	29.944780	-0.637456	-0.128570	187
4322.409584	29.941017	-0.637517	-0.127678	189
4324.479715	30.056820	-0.637654	-0.128180	191
4326.549712	30.127594	-0.636955	-0.127859	193
4328.620074	30.142557	-0.637863	-0.127639	195
4330.690555	30.257618	-0.638257	-0.127283	197
4332.760905	30.361433	-0.638195	-0.127260	199
4334.831644	30.425684	-0.637724	-0.127087	201
4336.902900	30.385399	-0.637614	-0.126751	203
4338.974743	30.484198	-0.638537	-0.127012	205
4341.046248	30.364130	-0.638317	-0.126674	207
4343.117746	30.241968	-0.639178	-0.126850	209
4345.189924	30.206909	-0.639809	-0.126818	211
4347.261455	30.120527	-0.640720	-0.127078	213
4349.332866	30.028530	-0.641380	-0.126954	215
4351.404211	29.979750	-0.641921	-0.126596	217
4353.475377	29.942226	-0.642661	-0.127230	219
4355.546182	30.067936	-0.642741	-0.127242	221
4357.617041	30.030745	-0.643107	-0.126982	223
4359.687359	30.059742	-0.644159	-0.126564	225
4361.757946	30.202190	-0.644608	-0.126239	227
4363.828100	30.304485	-0.645352	-0.126056	229
4365.898167	30.326767	-0.646262	-0.126117	231
4367.968081	30.421642	-0.646174	-0.125767	233
4370.038214	30.473442	-0.647337	-0.125759	235
4372.108321	30.500334	-0.647878	-0.125614	237
4374.178966	30.565088	-0.647594	-0.125500	239
4376.249329	30.547373	-0.648772	-0.126224	241
4378.319958	30.626022	-0.648588	-0.125578	243
4380.391705	30.616074	-0.647129	-0.124954	245
4382.464076	30.558422	-0.648849	-0.125171	247
4384.535181	30.490891	-0.648132	-0.124807	249
4386.606436	30.510599	-0.649526	-0.124766	251
4388.677425	30.510929	-0.650452	-0.125223	253
4390.748879	30.489792	-0.650829	-0.124907	255
4392.819995	30.525578	-0.651868	-0.124695	1
4394.890638	210.503326	0.652124	0.124595	3
4396.961304	210.552460	0.652317	0.124713	5
4399.031887	30.620819	-0.653192	-0.124504	7
4401.102335	30.677792	-0.652552	-0.124282	9
4403.172778	210.734985	0.653293	0.124412	11
4405.243202	30.747389	-0.653870	-0.124290	13
4407.313667	30.851374	-0.654283	-0.124273	15
4409.384369	210.918549	0.655029	0.123993	17
4411.455165	210.956482	0.654782	0.123916	19
4413.526414	30.968771	-0.654891	-0.123939	21
4415.597597	30.961447	-0.654451	-0.123747	23
4417.669060	30.950436	-0.655319	-0.123898	25
4419.740749	210.937057	0.655120	0.123744	27
4421.812320	30.908274	-0.655090	-0.123571	29
4423.883765	30.854733	-0.655319	-0.123509	31
4425.955130	30.842016	-0.656541	-0.123556	33
4428.026436	210.784592	0.656795	0.123753	35
4430.097514	210.794952	0.657927	0.123691	37
4432.168312	210.782837	0.658102	0.123667	39
4434.239509	210.807236	0.658663	0.123133	41
4436.309748	210.886719	0.659138	0.123451	43
4438.380520	211.026749	0.658751	0.122786	45
4440.451069	210.956772	0.660294	0.123485	47
4442.521184	211.001007	0.660493	0.122702	49
4444.591125	211.148972	0.661512	0.122807	51
4446.661475	211.164185	0.661081	0.123027	53
4448.731897	211.154144	0.660660	0.122489	55
4450.801776	31.202103	-0.660246	-0.122661	57
4452.872262	211.216995	0.660751	0.121986	59
4454.943866	211.281570	0.661297	0.122210	61
4457.015181	211.269928	0.662151	0.122227	63
4459.086267	211.255005	0.661579	0.121898	65
4461.157804	211.333786	0.662439	0.121821	67
4463.228322	211.301071	0.663036	0.122174	69
4465.299690	211.323059	0.663362	0.122416	71
4467.370901	211.291061	0.663569	0.121243	73
4469.442084	211.321091	0.664756	0.121898	75
4471.513043	211.388168	0.664834	0.121612	77
4473.583814	211.397308	0.664632	0.121436	79
4475.654663	211.424240	0.664752	0.121461	81
4477.725281	211.411301	0.665580	0.121283	83
4479.795866	211.457748	0.665609	0.121077	85
4481.866485	211.579605	0.666579	0.121242	87
4483.937272	211.590286	0.667034	0.121042	89
4486.008259	211.631241	0.667529	0.121064	91
4488.079330	211.648407	0.668470	0.121369	93
4490.150707	211.663910	0.669870	0.121157	95
4492.222133	211.668854	0.669215	0.120908	97
4494.293221	211.594330	0.668095	0.120732	99
4496.364815	211.649994	0.668425	0.120901	101
4498.436307	211.530106	0.668759	0.120504	103
4500.507422	211.589828	0.668995	0.120687	105
4502.578767	211.614639	0.669292	0.120734	107
4504.649977	211.515259	0.670593	0.121175	109
4506.720851	211.546814	0.672056	0.121355	111
4508.791690	211.567963	0.672199	0.120910	113
4510.862349	211.599594	0.672812	0.120932	115
4512.933014	211.703491	0.672855	0.120908	117
4515.003344	211.667862	0.672906	0.120769	119
4517.073639	211.789032	0.673899	0.120522	121
4519.143825	211.800171	0.673483	0.120344	123
4521.214274	211.839783	0.674376	0.120441	125
4523.284736	211.887268	0.675062	0.120338	127
4525.355241	211.942703	0.675265	0.120176	129
4527.425906	211.985672	0.674399	0.120061	131
4529.496660	211.962784	0.674585	0.120104	133
4531.567733	212.017548	0.675294	0.120176	135
4533.639271	211.990952	0.674868	0.119366	137
4535.710179	212.052338	0.674957	0.119989	139
