crossing time (s)	slope (V/s)	crossing number
6503.424517	1.146010	2665
6504.426704	1.025258	2666
6505.493354	0.921873	2667
6506.489986	0.961331	2668
6507.570294	0.922254	2669
6508.560402	0.822899	2670
6509.640007	0.910884	2671
6510.633151	0.838673	2672
6511.711729	0.922906	2673
6512.714451	0.601138	2674
6513.775691	1.161051	2675
6514.787193	0.967500	2676
6515.844324	0.971414	2677
6516.858703	0.915508	2678
6517.915092	0.965216	2679
6518.928841	0.901722	2680
6519.988288	0.928200	2681
6520.999806	0.866864	2682
6522.060920	1.049435	2683
6523.074017	0.924570	2684
6524.130401	1.018603	2685
6525.140882	1.011435	2686
6526.204678	0.957006	2687
6527.212624	0.860062	2688
6528.276781	1.010911	2689
6529.287818	0.812210	2690
6530.344265	1.024233	2691
6531.354694	1.006470	2692
6532.418174	0.983001	2693
6533.425726	1.008885	2694
6534.486318	1.117310	2695
6535.499685	1.011537	2696
6536.558152	0.966390	2697
6537.569627	0.873787	2698
6538.630395	1.126908	2699
6539.642343	0.932510	2700
6540.702293	1.092808	2701
6541.708473	0.944339	2702
6542.778366	0.940226	2703
6543.778482	0.856978	2704
6544.851250	1.135374	2705
6545.847546	1.041477	2706
6546.922427	1.038398	2707
6547.918393	0.964655	2708
6548.993619	1.099511	2709
6549.993023	1.035571	2710
6551.061280	1.062445	2711
6552.065545	1.028291	2712
6553.131220	1.065295	2713
6554.141119	0.925026	2714
6555.198315	1.189393	2715
6556.212564	1.078544	2716
6557.268944	1.122170	2717
6558.284498	1.025695	2718
6559.340141	1.117941	2719
6560.357477	0.977469	2720
6561.411696	1.112397	2721
6562.427191	0.992389	2722
6563.483871	1.166731	2723
6564.498773	1.013902	2724
6565.555178	1.239311	2725
6566.570279	1.057276	2726
6567.626339	1.136473	2727
6568.640584	1.024987	2728
6569.697566	1.184754	2729
6570.712518	1.049685	2730
6571.768093	1.213049	2731
6572.784845	1.115980	2732
6573.838132	1.197198	2733
6574.856711	1.070261	2734
6575.910574	1.151729	2735
6576.926699	1.135726	2736
6577.983337	1.161238	2737
6578.996595	1.086950	2738
6580.057123	1.142628	2739
6581.065503	1.121342	2740
6582.131269	1.209278	2741
6583.133571	1.200296	2742
6584.204507	1.196632	2743
6585.203050	1.111466	2744
6586.276572	1.176209	2745
6587.274192	1.097879	2746
6588.347381	1.213548	2747
6589.347212	1.084747	2748
6590.416186	1.274091	2749
6591.420837	1.152671	2750
6592.485443	1.250584	2751
6593.494228	1.131853	2752
6594.555166	1.201782	2753
6595.567549	1.089196	2754
6596.624643	1.278158	2755
6597.640174	1.124495	2756
6598.695085	1.270538	2757
6599.712110	1.156208	2758
6600.765315	1.270878	2759
6601.783582	1.165121	2760
6602.836552	1.286836	2761
6603.854785	1.183395	2762
6604.907741	1.295855	2763
6605.925764	1.161235	2764
6606.978928	1.271794	2765
6607.997057	1.188827	2766
6609.051058	1.304203	2767
6610.068370	1.194899	2768
6611.122241	1.306443	2769
6612.139298	1.215417	2770
6613.194632	1.283270	2771
6614.209542	1.146067	2772
6615.266884	1.366477	2773
6616.279814	1.146164	2774
6617.339205	1.344197	2775
6618.348984	1.210087	2776
6619.413089	1.327632	2777
6620.418467	1.204490	2778
6621.485545	1.344889	2779
6622.488285	1.127463	2780
6623.557627	1.330939	2781
6624.558915	1.228652	2782
6625.628885	1.304786	2783
6626.631214	1.276553	2784
6627.700457	1.425737	2785
6628.703869	1.201045	2786
6629.769455	1.310165	2787
6630.777314	1.126414	2788
6631.837821	1.344148	2789
6632.850196	1.265605	2790
6633.908452	1.356182	2791
6634.922652	1.278862	2792
6635.977764	1.349915	2793
6636.994924	1.255830	2794
6638.048808	1.394065	2795
6639.067206	1.263602	2796
6640.118612	1.433769	2797
6641.138259	1.287445	2798
6642.190659	1.397570	2799
6643.209924	1.284944	2800
6644.261603	1.389006	2801
6645.282089	1.223627	2802
6646.332452	1.471952	2803
6647.352332	1.222356	2804
6648.403613	1.414820	2805
6649.423632	1.323091	2806
6650.476211	1.381939	2807
6651.494667	1.326285	2808
6652.547620	1.423395	2809
6653.564853	1.349309	2810
6654.620906	1.425896	2811
6655.634646	1.351378	2812
6656.694213	1.423338	2813
6657.704549	1.368856	2814
6658.767572	1.434048	2815
6659.773075	1.289473	2816
6660.840041	1.469409	2817
6661.843864	1.416360	2818
6662.911270	1.422458	2819
6663.914372	1.382094	2820
6664.982385	1.504147	2821
6665.986589	1.352025	2822
6667.052834	1.551961	2823
6668.059894	1.339919	2824
6669.123198	1.515421	2825
6670.131899	1.345283	2826
6671.193395	1.506978	2827
6672.204586	1.377984	2828
6673.263032	1.542096	2829
6674.277172	1.343766	2830
6675.333737	1.533556	2831
6676.349177	1.361400	2832
6677.403820	1.566997	2833
6678.420676	1.401755	2834
6679.475483	1.565616	2835
6680.491826	1.397311	2836
6681.546344	1.567141	2837
6682.563537	1.404205	2838
6683.617564	1.587648	2839
6684.634312	1.390704	2840
6685.689377	1.634132	2841
6686.704638	1.421139	2842
6687.761530	1.527899	2843
6688.776609	1.455858	2844
6689.832676	1.559732	2845
6690.846621	1.470760	2846
6691.905985	1.718187	2847
6692.916738	1.400149	2848
6693.977634	1.538362	2849
6694.986847	1.447216	2850
6696.049951	1.558939	2851
6697.056737	1.480566	2852
6698.121987	1.601985	2853
6699.127245	1.489124	2854
6700.193798	1.581586	2855
6701.198632	1.517819	2856
6702.264374	1.520348	2857
6703.270346	1.486468	2858
6704.336005	1.551778	2859
6705.342707	1.557060	2860
6706.405701	1.589743	2861
6707.415405	1.535633	2862
6708.475649	1.560654	2863
6709.488019	1.476061	2864
6710.546055	1.648168	2865
6711.559863	1.504242	2866
6712.615954	1.656594	2867
6713.632177	1.558522	2868
6714.686576	1.611709	2869
6715.704064	1.545086	2870
6716.756984	1.644695	2871
6717.775724	1.568692	2872
6718.828161	1.765294	2873
6719.847671	1.538442	2874
6720.899528	1.659246	2875
6721.917883	1.546252	2876
6722.971738	1.623760	2877
6723.989367	1.580533	2878
6725.042908	1.640660	2879
6726.059961	1.585633	2880
6727.114991	1.626675	2881
6728.130566	1.577574	2882
6729.187166	1.670460	2883
6730.201154	1.525510	2884
6731.260003	1.663365	2885
6732.270846	1.648383	2886
6733.332218	1.720093	2887
6734.341153	1.591849	2888
6735.404663	1.724765	2889
6736.411273	1.662872	2890
6737.476689	1.682250	2891
6738.482139	1.645779	2892
6739.547565	1.770089	2893
6740.553067	1.668624	2894
6741.618884	1.721494	2895
6742.625303	1.605867	2896
6743.689288	1.762144	2897
6744.697342	1.622746	2898
6745.759311	1.729375	2899
6746.769731	1.583529	2900
6747.830132	1.715862	2901
6748.842456	1.632414	2902
6749.900134	1.727861	2903
6750.914472	1.612311	2904
6751.970836	1.766013	2905
6752.986427	1.626683	2906
6754.041793	1.779141	2907
6755.058178	1.639323	2908
6756.112507	1.813100	2909
6757.129351	1.639242	2910
6758.183859	1.774831	2911
6759.200407	1.653592	2912
6760.255437	1.796669	2913
6761.271303	1.642330	2914
6762.326418	1.784760	2915
6763.342495	1.675509	2916
6764.398579	1.803189	2917
6765.412850	1.679721	2918
6766.471113	1.791150	2919
6767.483366	1.668229	2920
6768.543068	1.809583	2921
6769.553437	1.692981	2922
6770.614890	1.821889	2923
6771.623643	1.664217	2924
6772.686840	1.898810	2925
6773.694464	1.745310	2926
6774.759266	1.877197	2927
6775.765382	1.722316	2928
6776.829998	1.816632	2929
6777.837425	1.740414	2930
6778.901063	1.830623	2931
6779.909430	1.791305	2932
6780.971600	1.849103	2933
6781.981781	1.777842	2934
6783.042083	1.875790	2935
6784.053819	1.762098	2936
6785.112107	1.807564	2937
6786.126303	1.783100	2938
6787.182399	1.880038	2939
6788.197849	1.782189	2940
6789.252988	1.840696	2941
6790.269927	1.766382	2942
6791.323821	1.851413	2943
6792.341479	1.794867	2944
6793.394971	1.865061	2945
6794.413206	1.815163	2946
6795.465283	1.866511	2947
6796.484402	1.792080	2948
6797.537170	1.864127	2949
6798.555546	1.780597	2950
6799.608005	1.749601	2951
6800.627200	1.837818	2952
6801.680245	1.885649	2953
6802.697276	1.667282	2954
6803.752370	1.839485	2955
6804.767787	1.790601	2956
6805.824647	1.894116	2957
6806.838487	1.893133	2958
6807.896901	1.927323	2959
6808.908696	1.892695	2960
6809.968785	1.909351	2961
6810.979078	1.861560	2962
6812.040438	1.960701	2963
6813.049990	1.858012	2964
6814.112000	1.990721	2965
6815.120876	1.865287	2966
6816.182815	1.957538	2967
6817.192671	1.834930	2968
6818.254025	1.959460	2969
6819.264844	1.875877	2970
6820.324426	1.943194	2971
6821.336742	1.831850	2972
6822.394893	1.936030	2973
6823.408471	1.835757	2974
6824.465879	1.981567	2975
6825.480889	1.838347	2976
6826.536342	2.014426	2977
6827.552471	1.862110	2978
6828.607714	2.043567	2979
6829.624088	1.830360	2980
6830.677946	1.983166	2981
6831.695691	1.870982	2982
6832.749732	2.063762	2983
6833.766492	1.881415	2984
6834.821243	2.039269	2985
6835.837095	1.906257	2986
6836.892689	2.043392	2987
6837.908162	1.835972	2988
6838.964348	2.033986	2989
6839.978999	1.863730	2990
6841.036222	2.045602	2991
6842.049118	1.887561	2992
6843.108167	2.078939	2993
6844.120039	1.983191	2994
6845.180010	2.069567	2995
6846.191039	1.935591	2996
6847.251581	2.057919	2997
6848.261911	1.983946	2998
6849.323116	2.034822	2999
6850.333231	1.963003	3000
6851.394622	2.053447	3001
6852.404991	2.012545	3002
6853.464929	2.066679	3003
6854.476418	1.963404	3004
6855.535812	2.040146	3005
6856.549180	1.978354	3006
6857.606324	2.043957	3007
6858.620885	1.947612	3008
6859.676737	2.054924	3009
6860.692835	2.014172	3010
6861.747468	2.032854	3011
6862.764681	2.005144	3012
6863.817932	2.044105	3013
6864.836122	1.997290	3014
6865.889102	2.068309	3015
6866.907855	1.984720	3016
6867.959953	2.057625	3017
6868.979004	2.010729	3018
6870.031672	2.108472	3019
6871.050139	2.028168	3020
6872.103410	2.099330	3021
6873.121010	2.009985	3022
6874.175179	2.072381	3023
6875.191645	2.059547	3024
6876.247122	2.088683	3025
6877.262432	2.071749	3026
6878.319078	2.118675	3027
6879.332849	2.082221	3028
6880.390985	2.123647	3029
6881.403658	2.042408	3030
6882.463050	2.138699	3031
6883.474390	2.093705	3032
6884.534599	2.159665	3033
6885.545147	2.112451	3034
6886.606024	2.135367	3035
6887.616456	2.104047	3036
6888.677106	2.113552	3037
6889.687955	2.074848	3038
6890.748022	2.193768	3039
6891.759099	2.071422	3040
6892.818854	2.172190	3041
6893.830991	2.127055	3042
6894.889843	2.145445	3043
6895.902929	2.060887	3044
6896.960694	2.153792	3045
6897.974539	2.058343	3046
6899.031399	2.195080	3047
6900.046018	2.103756	3048
6901.102670	2.171591	3049
6902.117789	2.066176	3050
6903.173702	2.172811	3051
6904.189053	2.062601	3052
6905.244738	2.189912	3053
6906.260319	2.051907	3054
6907.316066	2.215563	3055
6908.330901	2.090279	3056
6909.387819	2.222730	3057
6910.402099	2.119752	3058
6911.459357	2.235147	3059
6912.473210	2.109213	3060
6913.530971	2.254595	3061
6914.543990	2.102273	3062
6915.602699	2.218507	3063
6916.614968	2.122787	3064
6920.307165	1.551029	3065
6921.304763	1.308406	3066
6922.374770	1.498837	3067
6923.375254	1.454013	3068
6924.445755	1.268736	3069
6925.445067	1.353446	3070
6926.516603	1.364932	3071
6927.515560	1.304577	3072
6928.586462	1.470256	3073
6929.585977	1.513029	3074
6930.657158	1.383514	3075
6931.655887	1.369161	3076
6932.708567	-0.786095	3077
6933.707675	1.935232	3078
6934.779620	1.337379	3079
6935.781916	1.524124	3080
6936.855487	1.233851	3081
6937.851740	1.342041	3082
6938.930500	0.443989	3083
6939.922292	0.666416	3084
6941.005728	1.236214	3085
6941.987433	1.153906	3086
6943.077677	0.751736	3087
6944.071475	0.954120	3088
6945.144240	0.813387	3089
6946.139683	0.607418	3090
6947.214686	1.269445	3091
6948.204015	1.062895	3092
6949.288544	0.961916	3093
6950.282262	1.003837	3094
6951.357318	0.839749	3095
6952.356172	0.676573	3096
6953.425746	1.189773	3097
6954.424086	1.030048	3098
6955.497592	0.967246	3099
6956.497729	0.970978	3100
6957.568031	0.897557	3101
6958.570823	0.754170	3102
6959.636218	1.187014	3103
6960.641661	1.066976	3104
6961.708929	1.027177	3105
6962.714055	0.982000	3106
