crossing time (s)	slope (V/s)	crossing number
8185.052344	1.417168	4263
8186.122920	1.572008	4264
8187.123110	1.553491	4265
8188.194093	1.368385	4266
8189.197732	1.369677	4267
8190.261239	1.544552	4268
8191.272134	1.316671	4269
8192.331055	1.692823	4270
8193.346312	1.518741	4271
8194.400751	1.380214	4272
8195.417978	1.474895	4273
8196.472336	1.463270	4274
8197.488724	1.527091	4275
8198.544016	1.460297	4276
8199.560014	1.413578	4277
8200.615923	1.617638	4278
8201.629215	1.442288	4279
8202.689324	1.531324	4280
8203.700592	1.637504	4281
8204.761061	1.377236	4282
8205.771804	1.437239	4283
8206.831477	1.612441	4284
8207.842898	1.467048	4285
8208.903570	1.648748	4286
8209.914438	1.646871	4287
8210.975128	1.412847	4288
8211.987206	1.516942	4289
8213.044153	1.617920	4290
8214.058792	1.533744	4291
8215.115210	1.589152	4292
8216.130646	1.613798	4293
8217.187280	1.575442	4294
8218.203190	1.523061	4295
8219.256591	1.618038	4296
8220.275724	1.620678	4297
8221.328581	1.483635	4298
8222.345483	1.484552	4299
8223.401473	1.647608	4300
8224.414717	1.519829	4301
8225.474970	1.621334	4302
8226.483789	1.651181	4303
8227.548101	1.582580	4304
8228.553506	1.583589	4305
8229.620601	1.720233	4306
8230.624185	1.654779	4307
8231.691977	1.629343	4308
8232.695381	1.562493	4309
8233.763407	1.647553	4310
8234.767887	1.592545	4311
8235.833847	1.621532	4312
8236.840358	1.672933	4313
8237.903200	1.595373	4314
8238.913069	1.584082	4315
8239.973210	1.736169	4316
8240.984660	1.682266	4317
8242.043839	1.641060	4318
8243.057183	1.726780	4319
8244.114603	1.598930	4320
8245.128728	1.650051	4321
8246.185044	1.723584	4322
8247.199311	1.699630	4323
8248.257306	1.699959	4324
8249.270791	1.767985	4325
8250.329193	1.668256	4326
8251.341772	1.638903	4327
8252.400838	1.696079	4328
8253.411855	1.688962	4329
8254.473721	1.743958	4330
8255.482475	1.735166	4331
8256.546060	1.695798	4332
8257.551939	1.706269	4333
8258.618640	1.727873	4334
8259.622808	1.695106	4335
8260.690355	1.799956	4336
8261.694490	1.687383	4337
8262.760611	1.797592	4338
8263.765779	1.753958	4339
8264.830818	1.755007	4340
8265.838705	1.740009	4341
8266.900429	1.781739	4342
8267.911871	1.652641	4343
8268.970042	1.798499	4344
8269.985380	1.702106	4345
8271.040265	1.823186	4346
8272.058502	1.820449	4347
8273.110165	1.745945	4348
8274.129912	1.758883	4349
8275.181202	1.808775	4350
8276.201688	1.741483	4351
8277.252541	1.800305	4352
8278.272723	1.761433	4353
8279.324361	1.809516	4354
8280.343235	1.832526	4355
8281.396172	1.820237	4356
8282.414115	1.826938	4357
8283.467114	1.821950	4358
8284.485705	1.750751	4359
8285.538114	1.854433	4360
8286.557107	1.801993	4361
8287.609984	1.840329	4362
8288.628950	1.867203	4363
8289.680562	1.878093	4364
8290.700365	1.823974	4365
8291.752009	1.880922	4366
8292.771837	1.850409	4367
8293.823043	1.830530	4368
8294.843231	1.789371	4369
8295.894586	1.918796	4370
8296.914247	1.837063	4371
8297.966730	1.883760	4372
8298.984008	1.848785	4373
8300.039408	1.883867	4374
8301.053829	1.800448	4375
8302.112198	1.923575	4376
8303.123258	1.880359	4377
8304.184978	1.893081	4378
8305.193225	1.867279	4379
8306.257213	1.877983	4380
8307.264093	1.881604	4381
8308.329190	1.924398	4382
8309.335437	1.938424	4383
8310.400178	1.926811	4384
8311.406760	1.874327	4385
8312.471900	1.878505	4386
8313.478636	1.919340	4387
8314.542274	1.895889	4388
8315.550549	1.922974	4389
8316.612667	1.957814	4390
8317.622326	1.932950	4391
8318.683602	1.955933	4392
8319.693941	1.914364	4393
8320.754569	1.912016	4394
8321.765462	1.963119	4395
8322.825965	1.922924	4396
8323.836160	1.952088	4397
8324.897841	1.996020	4398
8325.907347	1.947437	4399
8326.968659	1.953050	4400
8327.977994	1.926280	4401
8329.040843	1.919312	4402
8330.047937	1.980443	4403
8331.113009	1.979759	4404
8332.119611	1.949276	4405
8333.184685	1.989929	4406
8334.190792	1.993841	4407
8335.256270	1.979289	4408
8336.262077	1.953285	4409
8337.325577	2.009103	4410
8338.334383	1.983686	4411
8339.396190	1.989326	4412
8340.406922	1.964586	4413
8341.466378	2.053579	4414
8342.479331	2.019661	4415
8343.535830	2.013597	4416
8344.553054	1.989477	4417
8345.605991	2.052199	4418
8346.625243	1.977081	4419
8347.676515	2.070594	4420
8348.696751	2.027188	4421
8349.747253	2.025772	4422
8350.768386	2.041016	4423
8351.817982	2.043656	4424
8352.840284	2.013172	4425
8353.888971	2.082598	4426
8354.911160	2.022672	4427
8355.960954	2.074086	4428
8356.982121	2.037285	4429
8358.032128	2.059238	4430
8359.053383	2.066301	4431
8360.103426	2.100616	4432
8361.125304	2.065730	4433
8362.174006	2.081350	4434
8363.196676	2.063399	4435
8364.244912	2.068113	4436
8365.267899	2.063583	4437
8366.316994	2.112434	4438
8367.338652	2.051704	4439
8368.388539	2.102697	4440
8369.409580	2.048944	4441
8370.459508	2.113310	4442
8371.480501	2.050459	4443
8372.531516	2.123350	4444
8373.550912	2.099280	4445
8374.603831	2.137205	4446
8375.620775	2.063598	4447
8376.676087	2.102490	4448
8377.690586	2.071739	4449
8378.748433	2.175721	4450
8379.760772	2.102023	4451
8380.820703	2.148629	4452
8381.831499	2.128015	4453
8382.892089	2.160619	4454
8383.902607	2.119124	4455
8384.963825	2.127218	4456
8385.972981	2.134992	4457
8387.036071	2.188548	4458
8388.044256	2.109811	4459
8389.106413	2.140922	4460
8390.116244	2.131284	4461
8391.177058	2.121255	4462
8392.187438	2.133260	4463
8393.248385	2.180897	4464
8394.259055	2.153517	4465
8395.319382	2.179852	4466
8396.330190	2.143777	4467
8397.390757	2.158271	4468
8398.401216	2.160231	4469
8399.462116	2.195410	4470
8400.472814	2.198915	4471
8401.533125	2.194873	4472
8402.543114	2.149226	4473
8403.605195	2.197053	4474
8404.613757	2.144653	4475
8405.676830	2.276740	4476
8406.685314	2.214951	4477
8407.747355	2.224832	4478
8408.756984	2.198658	4479
8409.818072	2.202122	4480
8410.828560	2.180925	4481
8411.888594	2.231326	4482
8412.900733	2.220092	4483
8413.958740	2.272846	4484
8414.973143	2.221768	4485
8416.028878	2.245775	4486
8417.045521	2.190482	4487
8418.099346	2.175404	4488
8419.118002	2.204792	4489
8420.168877	2.252293	4490
8421.190240	2.214937	4491
8422.240092	2.289086	4492
8423.261343	2.213846	4493
8424.311073	2.286851	4494
8425.332566	2.181313	4495
8426.381098	2.288861	4496
8427.404315	2.290900	4497
8428.452763	2.268581	4498
8429.475932	2.271592	4499
8430.523845	2.292517	4500
8431.547264	2.272828	4501
8432.595504	2.264653	4502
8433.617950	2.246482	4503
8434.665891	2.291554	4504
8435.689613	2.225048	4505
8436.738028	2.295385	4506
8437.760270	2.297471	4507
8438.809128	2.326085	4508
8439.831612	2.280685	4509
8440.880902	2.322938	4510
8441.902126	2.236645	4511
8442.952614	2.272179	4512
8443.972522	2.266454	4513
8445.024364	2.295505	4514
8446.042935	2.307175	4515
8447.096967	2.338432	4516
8448.113186	2.320826	4517
8449.168717	2.322544	4518
8450.183347	2.282335	4519
8451.240682	2.340358	4520
8452.253584	2.298430	4521
8453.312773	2.383845	4522
8454.324069	2.318007	4523
8455.384473	2.326233	4524
8456.395124	2.295835	4525
8457.456039	2.367620	4526
8458.466593	2.333462	4527
8459.527130	2.337715	4528
8460.537223	2.344245	4529
8461.598757	2.354461	4530
8462.608629	2.340898	4531
8463.669654	2.404159	4532
8464.679902	2.354944	4533
8465.740769	2.371032	4534
8466.751163	2.352755	4535
8467.811922	2.375123	4536
8468.822367	2.359547	4537
8469.883092	2.333800	4538
8470.893534	2.345462	4539
8471.954303	2.383594	4540
8472.964451	2.374535	4541
8474.025635	2.382977	4542
8475.035574	2.364618	4543
8476.096978	2.394518	4544
8477.106798	2.396772	4545
8478.167648	2.407980	4546
8479.178341	2.380839	4547
8480.238709	2.400830	4548
8481.249499	2.369428	4549
8482.309452	2.419763	4550
8483.321610	2.404786	4551
8484.379747	2.409565	4552
8485.393644	2.342870	4553
8486.449902	2.391646	4554
8487.465740	2.374260	4555
8488.520409	2.396103	4556
8489.538119	2.397914	4557
8490.590736	2.417241	4558
8491.610111	2.371561	4559
8492.660996	2.412533	4560
8493.681753	2.413119	4561
8494.731569	2.478521	4562
8495.753578	2.408207	4563
8496.802224	2.483837	4564
8497.824990	2.405502	4565
8498.873285	2.436968	4566
8499.896107	2.414549	4567
8500.944136	2.474798	4568
8501.967665	2.485818	4569
8503.015458	2.449686	4570
8504.038977	2.428299	4571
8505.086590	2.500695	4572
8506.109505	2.426814	4573
8507.158305	2.447086	4574
8508.180674	2.500029	4575
8509.229521	2.493300	4576
8510.251524	2.478138	4577
8511.300816	2.474229	4578
8512.322648	2.471653	4579
8513.372665	2.485511	4580
8514.393357	2.426405	4581
8515.444051	2.440857	4582
8516.464039	2.446796	4583
8517.515839	2.509947	4584
8518.534009	2.460844	4585
8519.587992	2.511220	4586
8520.604668	2.411330	4587
8521.659695	2.525031	4588
8522.674871	2.509669	4589
8523.731685	2.508979	4590
8524.745496	2.480953	4591
8525.803636	2.531228	4592
8526.816023	2.482928	4593
8527.875431	2.541861	4594
8528.886560	2.448132	4595
8529.947008	2.522424	4596
8530.957570	2.555686	4597
8532.018645	2.624144	4598
8533.028577	2.496219	4599
8534.089545	2.602044	4600
8535.099753	2.480904	4601
8536.160755	2.497529	4602
8537.171011	2.552632	4603
8538.231839	2.546955	4604
8539.241981	2.518070	4605
8540.302765	2.530600	4606
8541.313463	2.520762	4607
8542.373968	2.583837	4608
8543.384500	2.516220	4609
8544.445353	2.568177	4610
8545.455806	2.570067	4611
8546.516286	2.555035	4612
8547.527062	2.563307	4613
8548.587060	2.551926	4614
8549.598521	2.559199	4615
8550.658114	2.604717	4616
8551.669816	2.563228	4617
8552.729073	2.537791	4618
8553.741398	2.561639	4619
8554.799472	2.581981	4620
8555.813327	2.633294	4621
8556.869813	2.586920	4622
8557.885253	2.580378	4623
8558.940513	2.548353	4624
8559.956816	2.557287	4625
8561.011067	2.567241	4626
8562.028732	2.598373	4627
8563.081719	2.580057	4628
8564.100255	2.580533	4629
8565.152180	2.594148	4630
8566.172129	2.577387	4631
8567.222846	2.571471	4632
8568.243790	2.573898	4633
8569.293655	2.597811	4634
8570.315221	2.602084	4635
8571.364767	2.528203	4636
8572.386287	2.580216	4637
8573.435720	2.622081	4638
8574.457542	2.633994	4639
8575.506646	2.639170	4640
8576.528401	2.623916	4641
8577.577857	2.643989	4642
8578.600019	2.597545	4643
