time (s)	energy (uJ)	charge (mC)	voltage (mV)	crossing#mod 255
4756.389942	7.129389	3.315209	2.150509	89
4757.445796	7.011281	3.313213	2.116158	90
4758.459764	7.390709	3.295971	2.242347	91
4759.516768	6.739971	3.316559	2.032218	92
4760.539353	6.988293	3.313326	2.109147	93
4761.588354	7.010183	3.267891	2.145170	94
4762.600366	7.359347	3.305403	2.226460	95
4763.661407	6.800006	3.308167	2.055521	96
4764.669426	7.280886	3.314074	2.196959	97
4765.733456	6.761183	3.302156	2.047505	98
4766.737950	7.225455	3.303237	2.187387	99
4767.806887	6.942438	3.315656	2.093836	100
4768.805497	7.454972	3.313211	2.250075	101
4769.880391	6.624620	3.271630	2.024868	102
4770.876159	7.296346	3.311766	2.203159	103
4771.950869	7.023340	3.311103	2.121148	104
4772.946740	7.528706	3.275164	2.298727	105
4774.021090	6.748957	3.279686	2.057806	106
4775.020659	7.314603	3.312978	2.207863	107
4776.089487	6.900963	3.300388	2.090955	108
4777.092711	7.177722	3.305542	2.171421	109
4778.157921	7.118166	3.260876	2.182900	110
4779.166249	7.328524	3.283594	2.231861	111
4780.226991	7.028872	3.285302	2.139490	112
4781.238831	7.261660	3.305676	2.196725	113
4782.297335	7.101138	3.306384	2.147705	114
4783.310562	7.409594	3.309104	2.239154	115
4784.367592	6.961522	3.308173	2.104340	116
4785.381754	7.326194	3.297796	2.221543	117
4786.437345	7.196931	3.316226	2.170217	118
4787.452178	7.208571	3.273814	2.201888	119
4788.508788	7.251882	3.315975	2.186953	120
4789.523208	7.565650	3.305586	2.288747	121
4790.580104	6.997264	3.318293	2.108694	122
4791.594395	7.371667	3.310750	2.226586	123
4792.650739	7.174638	3.307142	2.169438	124
4793.664985	7.182429	3.261847	2.201951	125
4794.721191	7.225358	3.295916	2.192216	126
4795.735923	7.511169	3.309520	2.269565	127
4796.792297	7.123420	3.306345	2.154470	128
4797.806899	7.481685	3.314319	2.257382	129
4798.863920	7.201879	3.293789	2.186503	130
4799.877322	7.496622	3.320143	2.257921	131
4800.935545	7.240326	3.314009	2.184763	132
4801.946620	7.469050	3.316531	2.252067	133
4803.007609	7.081408	3.264198	2.169417	134
4804.016540	7.440565	3.314485	2.244863	135
4805.081446	7.147224	3.306832	2.161351	136
4806.084835	7.597093	3.281829	2.314896	137
4807.153276	7.024667	3.262422	2.153206	138
4808.153733	7.479794	3.275194	2.283771	139
4809.225389	7.144368	3.305800	2.161161	140
4810.223484	7.553220	3.253218	2.321769	141
4811.297746	7.006968	3.260864	2.148807	142
4812.294978	7.707172	3.306994	2.330567	143
4813.368131	7.097326	3.312294	2.142722	144
4814.366489	7.384000	3.245966	2.274824	145
4815.437146	7.225900	3.303183	2.187557	146
4816.439663	7.735511	3.316793	2.332226	147
4817.506396	7.281179	3.293318	2.210895	148
4818.511332	7.583806	3.313448	2.288795	149
4819.575159	7.187894	3.310463	2.171265	150
4820.583762	7.643833	3.316468	2.304811	151
4821.645337	7.132777	3.280261	2.174454	152
4822.655494	7.603008	3.253723	2.336711	153
4823.714817	7.268004	3.316141	2.191705	154
4824.727301	7.655018	3.320136	2.305634	155
4825.785676	7.372795	3.304285	2.231283	156
4826.798766	7.572527	3.256184	2.325583	157
4827.856643	7.367494	3.320133	2.219036	158
4828.879060	7.653334	3.311190	2.311355	159
4829.926728	7.370389	3.315824	2.222792	160
4830.941052	7.592689	3.301964	2.299447	161
4831.997804	7.410086	3.289261	2.252812	162
4833.011415	7.610575	3.261915	2.333162	163
4834.077869	7.341353	3.311335	2.217037	164
4835.081566	7.738449	3.313509	2.335424	165
4836.140066	7.454788	3.309739	2.252380	166
4837.152254	7.770483	3.305918	2.350477	167
4838.211821	7.420752	3.310076	2.241868	168
4839.222177	7.759761	3.299748	2.351622	169
4840.283751	7.300474	3.272804	2.230648	170
4841.291449	7.595574	3.250280	2.336899	171
4842.356528	7.341671	3.300245	2.224584	172
4843.361044	7.818863	3.308652	2.363157	173
4844.428801	7.381954	3.308984	2.230882	174
4845.429709	7.726608	3.263586	2.367521	175
4846.501112	7.320017	3.295475	2.221232	176
4847.500185	7.882652	3.305861	2.384448	177
4848.571929	7.402453	3.314607	2.233283	178
4849.570769	7.897820	3.303415	2.390805	179
4850.643879	7.326339	3.299695	2.220308	180
4851.642055	7.780920	3.297444	2.359683	181
4852.713117	7.391108	3.295760	2.242611	182
4853.714105	7.886467	3.322921	2.373353	183
4854.782772	7.464622	3.274918	2.279331	184
4855.786049	7.917379	3.302510	2.397382	185
4856.851298	7.527476	3.316870	2.269451	186
4857.859172	7.804824	3.300225	2.364937	187
4858.920830	7.552983	3.312103	2.280419	188
4859.931276	7.780629	3.299529	2.358103	189
4860.991521	7.460111	3.273434	2.278986	190
4862.002857	7.871703	3.294515	2.389336	191
4863.061372	7.472148	3.269603	2.285338	192
4864.074139	7.868543	3.300246	2.384229	193
4865.132021	7.557051	3.295464	2.293168	194
4866.145420	7.858108	3.299336	2.381724	195
4867.211461	7.632882	3.317713	2.300646	196
4868.216830	7.817033	3.305737	2.364687	197
4869.273288	7.746754	3.314860	2.336978	198
4870.287597	7.950417	3.296876	2.411500	199
4871.343977	7.550392	3.267413	2.310817	200
4872.358769	7.972101	3.301938	2.414371	201
4873.415648	7.610856	3.308432	2.300442	202
4874.429296	7.949682	3.309719	2.401920	203
4875.486584	7.665547	3.315795	2.311828	204
4876.499381	7.906205	3.300242	2.395644	205
4877.558233	7.726733	3.334284	2.317359	206
4878.569204	7.980199	3.307880	2.412482	207
4879.630571	7.662354	3.302390	2.320245	208
4880.639235	8.007057	3.298686	2.427348	209
4881.703102	7.518919	3.253586	2.310964	210
4882.707843	8.071766	3.316580	2.433762	211
4883.775877	7.705891	3.317795	2.322594	212
4884.776819	8.153655	3.313710	2.460582	213
4885.847585	7.688346	3.308230	2.324006	214
4886.856380	8.158386	3.322068	2.455816	215
4887.918963	7.527261	3.273941	2.299144	216
4888.918371	8.056899	3.306111	2.436972	217
4889.990168	7.675075	3.307131	2.320766	218
4890.989115	8.155158	3.306088	2.466709	219
4892.060566	7.759540	3.320697	2.336720	220
4893.060493	8.212511	3.310184	2.480984	221
4894.131366	7.668972	3.315572	2.313016	222
4895.131947	8.116190	3.297008	2.461684	223
4896.200660	7.683061	3.302320	2.326565	224
4897.204358	8.093730	3.286129	2.462999	225
4898.270340	7.729039	3.316943	2.330169	226
4899.276574	8.200055	3.311117	2.476522	227
4900.340249	7.734864	3.310382	2.336547	228
4901.348281	8.146594	3.294265	2.472963	229
4902.410610	7.797366	3.318182	2.349891	230
4903.419523	8.134686	3.300936	2.464358	231
4904.480763	7.566476	3.238168	2.336653	232
4905.491446	8.215081	3.297068	2.491632	233
4906.551440	7.823815	3.311199	2.362835	234
4907.562106	8.234387	3.317850	2.481844	235
4908.622019	7.938193	3.316324	2.393673	236
4909.632696	8.143833	3.312936	2.458192	237
4910.693185	7.664652	3.260177	2.350993	238
4911.703634	8.068117	3.256590	2.477474	239
4912.773313	7.810433	3.289524	2.374336	240
4913.774236	8.305593	3.305575	2.512602	241
4914.835610	7.836385	3.297395	2.376539	242
4915.852996	8.207994	3.301934	2.485814	243
4916.907247	7.828556	3.307968	2.366575	244
4917.914280	8.316328	3.317664	2.506682	245
4918.979743	7.771599	3.305609	2.351034	246
4919.983632	8.317194	3.298499	2.521509	247
4921.051921	7.813312	3.277377	2.384014	248
4922.054332	8.313598	3.307400	2.513636	249
4923.123973	7.821088	3.319973	2.355768	250
4924.124435	8.343734	3.306101	2.523739	251
4925.194871	7.805469	3.300908	2.364643	252
4926.194717	8.289384	3.297724	2.513668	253
4927.266348	7.857290	3.303023	2.378818	254
4928.265536	8.335194	3.298237	2.527166	255
4929.336568	7.903198	3.303507	2.392366	0
4930.337291	8.360687	3.312412	2.524048	1
4931.406028	7.871139	3.312077	2.376496	2
4932.409437	8.344786	3.313510	2.518412	3
4933.476454	7.904603	3.312901	2.386006	4
4934.481347	8.373758	3.310213	2.529674	5
4935.546034	8.056006	3.321411	2.425478	6
4936.553704	8.346068	3.311100	2.520633	7
4937.615466	8.046109	3.301471	2.437129	8
4938.625818	8.314680	3.299692	2.519835	9
4939.685395	8.050045	3.329165	2.418038	10
4940.696987	8.252164	3.260240	2.531152	11
4941.755398	8.052137	3.308031	2.434118	12
4942.768777	8.360954	3.312950	2.523719	13
4943.826534	8.114557	3.316051	2.447054	14
4944.839451	8.252965	3.285207	2.512160	15
4945.897294	8.053667	3.307879	2.434692	16
4946.910913	8.453000	3.299641	2.561794	17
4947.968409	8.074581	3.309445	2.439860	18
4948.990746	8.354412	3.299134	2.532304	19
4950.038605	8.088755	3.308999	2.444472	20
4951.052874	8.329781	3.281662	2.538281	21
4952.110155	8.132561	3.316276	2.452317	22
4953.122577	8.276546	3.281807	2.521948	23
4954.181698	8.053621	3.297775	2.442138	24
4955.192464	8.492023	3.295406	2.576927	25
4956.254010	8.017127	3.320994	2.414074	26
4957.263044	8.479742	3.267423	2.595239	27
4958.325717	8.140487	3.300390	2.466523	28
4959.332826	8.424239	3.272116	2.574554	29
4960.397619	8.089909	3.315277	2.440191	30
4961.402154	8.432787	3.311387	2.546603	31
4962.469764	8.118053	3.321820	2.443857	32
4963.472437	8.665480	3.310884	2.617271	33
4964.540794	8.147241	3.301970	2.467388	34
4965.542919	8.597718	3.311310	2.596471	35
4966.611958	8.073273	3.283713	2.458581	36
4967.613669	8.609801	3.310465	2.600784	37
4968.683230	8.076651	3.313362	2.437600	38
4969.684349	8.387197	3.248348	2.581989	39
4970.753191	8.128983	3.309617	2.456171	40
4971.755469	8.615818	3.299811	2.611004	41
4972.823815	8.036779	3.257117	2.467452	42
4973.827670	8.584253	3.301372	2.600208	43
4974.893911	8.050200	3.258142	2.470795	44
4975.899220	8.533505	3.316714	2.572880	45
4976.964165	8.199044	3.319036	2.470309	46
4977.971134	8.621841	3.302032	2.611072	47
4979.035072	8.194650	3.312392	2.473938	48
4980.050680	8.644727	3.298913	2.620478	49
4981.105760	8.165696	3.297199	2.476555	50
4982.113032	8.572313	3.302055	2.596054	51
4983.176541	8.243236	3.300084	2.497886	52
4984.183868	8.594626	3.309835	2.596694	53
4985.247107	8.242975	3.307158	2.492465	54
4986.255255	8.633678	3.306801	2.610885	55
4987.317462	8.200054	3.308482	2.478494	56
4988.325881	8.728830	3.324575	2.625548	57
4989.388821	8.155552	3.260618	2.501229	58
4990.396032	8.659940	3.305657	2.619733	59
4991.469271	8.269271	3.293531	2.510762	60
4992.466733	8.664531	3.292258	2.631790	61
4993.532832	8.273973	3.309986	2.499700	62
4994.536721	8.767429	3.323307	2.638165	63
4995.604257	8.284880	3.306323	2.505768	64
4996.606873	8.776099	3.302762	2.657201	65
4997.674337	8.313088	3.304226	2.515896	66
4998.677355	8.665952	3.292366	2.632135	67
4999.746089	8.365002	3.325145	2.515680	68
5000.747406	8.795740	3.304770	2.661529	69
5001.817804	8.224967	3.301401	2.491357	70
5002.818556	8.770335	3.308445	2.650894	71
5003.888769	8.309262	3.304490	2.514537	72
5004.889662	8.832834	3.314610	2.664819	73
5005.959236	8.304405	3.319531	2.501681	74
5006.960266	8.765803	3.282696	2.670307	75
5008.029430	8.292792	3.306423	2.508085	76
5009.032619	8.724251	3.302860	2.641424	77
5010.100158	8.211262	3.254082	2.523373	78
5011.104558	8.823125	3.302220	2.671877	79
5012.169552	8.446991	3.318046	2.545773	80
5013.177392	8.782224	3.302028	2.659646	81
5014.240416	8.578343	3.308175	2.593075	82
5015.256763	8.736127	3.300832	2.646644	83
5016.309562	8.349310	3.248213	2.570432	84
5017.319749	8.771401	3.275737	2.677688	85
5018.380633	8.499043	3.321109	2.559098	86
5019.390913	8.930377	3.322591	2.687775	87
5020.451008	8.523893	3.306069	2.578256	88
5021.461898	8.728107	3.278512	2.662216	89
5022.521808	8.505960	3.298211	2.578962	90
5023.532919	8.878851	3.301785	2.689107	91
5024.592230	8.269235	3.261987	2.535030	92
5025.604182	9.058339	3.307359	2.738843	93
5026.663265	8.480954	3.293224	2.575274	94
5027.675194	8.743243	3.267669	2.675682	95
5028.734677	8.491944	3.266835	2.599441	96
5029.745223	8.734936	3.256249	2.682515	97
5030.806491	8.521563	3.313949	2.571423	98
5031.815405	8.797934	3.258334	2.700133	99
5032.878737	8.434018	3.294812	2.559787	100
5033.886099	9.036958	3.301419	2.737295	101
5034.950657	8.571640	3.316083	2.584869	102
5035.955881	9.074295	3.317986	2.734881	103
5037.021604	8.445409	3.274065	2.579487	104
5038.025581	9.002542	3.309858	2.719918	105
5039.093404	8.479775	3.307280	2.563973	106
5040.096426	9.040658	3.317853	2.724852	107
5041.164965	8.535218	3.317132	2.573071	108
5042.166935	9.053601	3.312568	2.733107	109
5043.236330	8.561736	3.298147	2.595923	110
5044.238271	9.101521	3.318295	2.742831	111
5045.306686	8.491975	3.291273	2.580149	112
5046.308741	9.028488	3.305908	2.731016	113
5047.377304	8.489679	3.299074	2.573352	114
5048.380370	8.950223	3.296021	2.715463	115
5049.448031	8.566040	3.311063	2.587097	116
5050.451481	9.100380	3.319337	2.741626	117
5051.518219	8.637245	3.304372	2.613884	118
5052.522228	8.998452	3.295673	2.730384	119
5053.589087	8.498290	3.260513	2.606428	120
5054.594117	8.845366	3.289776	2.688744	121
5055.659192	8.482870	3.262143	2.600398	122
5056.665787	8.882946	3.251087	2.732301	123
5057.730662	8.602697	3.317832	2.592867	124
5058.736028	9.124027	3.306648	2.759298	125
5059.801671	8.558161	3.266275	2.620159	126
5060.806810	9.038287	3.292264	2.745311	127
5061.872362	8.623744	3.305965	2.608540	128
5062.877393	9.014143	3.296299	2.734625	129
5063.944362	8.764212	3.304878	2.651901	130
5064.948890	9.145779	3.301889	2.769862	131
5066.014380	8.621154	3.280379	2.628097	132
5067.028167	9.096420	3.314799	2.744185	133
5068.085980	8.753901	3.315804	2.640054	134
5069.090024	9.076376	3.313954	2.738836	135
5070.157245	8.652238	3.298661	2.622955	136
5071.159661	9.147873	3.307907	2.765457	137
5072.228580	8.520392	3.271793	2.604197	138
5073.230351	9.041112	3.269529	2.765264	139
5074.300150	8.666198	3.293846	2.631027	140
5075.301482	9.147758	3.272889	2.795011	141
5076.370845	8.554227	3.265697	2.619419	142
5077.372625	9.236616	3.314044	2.787113	143
5078.442187	8.710676	3.327782	2.617563	144
5079.443865	9.128618	3.289101	2.775414	145
5080.512508	8.694098	3.309571	2.626957	146
5081.514171	9.160379	3.291221	2.783277	147
5082.582746	8.650774	3.268225	2.646933	148
5083.585939	9.283555	3.314355	2.801014	149
5084.653754	8.787971	3.325347	2.642724	150
5085.657747	9.190036	3.304350	2.781193	151
5086.723521	8.741727	3.310642	2.640493	152
5087.729120	9.059659	3.258720	2.780128	153
5088.793927	8.805716	3.314396	2.656809	154
5089.801165	9.250324	3.308068	2.796293	155
5090.863807	8.820015	3.314673	2.660901	156
5091.872267	9.266708	3.314922	2.795453	157
